
# Emis lors du lancement du logiciel MPC vers le controleur
F0 7E 00 06 01 F7
# Réponse du controleur
F0 7E 00 06 02 47 3B 00 19 00 01 01 01 7F 00 00 00 00 XX XX XX XX XX XX XX XX XX XX XX XX XX XX XX 00 F7
# 15 bytes Serial number                              X  X  X  X  X  X  X  X  X  X  X  X  X  X  X


HOST
0040   04 f0 7e 00 07 06 01 f7

CTL
0040   04 f0 7e 00 04 06 02 47 04 3b 00 19 04 00 01 01
0050   04 01 7f 00 04 00 00 00 04 41 31 31 04 37 30 32
0060   04 32 30 36 04 31 30 33 04 36 37 37 06 00 f7 00
0070   14 f0 7e 00 14 06 02 47 14 3b 00 19 14 00 01 01
0040   14 01 7f 00 14 00 00 00 14 41 31 31 14 37 30 32
0050   14 32 30 36 14 31 30 33 14 36 37 37 16 00 f7 00

HOST
0040   04 f0 47 7f 04 3b 62 00 07 01 65 f7 04 f0 47 7f
0050   04 3b 64 00 04 03 00 01 06 01 f7 00 04 f0 47 7f
0060   04 3b 64 00 04 03 01 01 06 01 f7 00 04 f0 47 7f
0070   04 3b 64 00 04 03 02 00 06 00 f7 00 04 f0 47 7f

0040   04 3b 64 00 04 03 03 00 06 00 f7 00 04 f0 47 7f
0050   04 3b 63 00 04 03 00 00 06 00 f7 00 04 f0 47 7f
0060   04 3b 63 00 04 03 01 00 06 00 f7 00 04 f0 47 7f
0070   04 3b 41 00 06 00 f7 00 04 f0 7e 00 07 06 01 f7

CTL
0040   14 f0 47 7f 14 3b 64 00 14 03 00 01 16 01 f7 00
0050   14 f0 47 7f 14 3b 64 00 14 03 01 01 16 01 f7 00
0060   14 f0 47 7f 14 3b 64 00 14 03 02 00 16 00 f7 00
0070   14 f0 47 7f 14 3b 64 00 14 03 03 00 16 0a f7 00

0040   14 f0 47 7f 14 3b 41 00 14 13 00 04 14 00 00 00
0050   14 14 00 00 14 00 00 00 14 00 00 00 14 00 00 00
0060   17 00 00 f7 04 f0 7e 00 04 06 02 47 04 3b 00 19
0070   04 00 01 01 04 01 7f 00 04 00 00 00 04 41 31 31

0040   04 37 30 32 04 32 30 36 04 31 30 33 04 36 37 37
0050   06 00 f7 00 14 f0 7e 00 14 06 02 47 14 3b 00 19
0060   14 00 01 01 14 01 7f 00 14 00 00 00 14 41 31 31
0070   14 37 30 32 14 32 30 36 14 31 30 33 14 36 37 37

0040   16 00 f7 00

HOST

0040   1b b0 02 02 1b b0 03 02 1b b0 05 02 1b b0 06 02
0050   1b b0 08 02 1b b0 73 02 1b b0 74 02 1b b0 23 03
0060   1b b0 24 01 1b b0 25 01 1b b0 26 01 1b b0 27 01
0070   1b b0 28 01 1b b0 2a 02 1b b0 2b 02 1b b0 2c 01







